100
48.9088 0 13.4618 0 0 0 0 34.8027 30.8082 65.0825 21.796 43.1144 85.9136 64.0336 0 77.2216 23.1534 57.3048 17.8721 0 0 0 0 12.9294 0 37.8422 45.7793 0 0 65.2838 18.2647 0 52.4075 0 0 5.2956 40.8714 34.738 20.369 46.584 26.9313 3.5742 55.9977 0 0 0 0 14.3515 50.4874 20.3828 0 55.2422 43.466 0 42.8947 0 0 0 26.7883 0 0 0 7.8363 0 0 0 8.3995 0 0 50.7668 59.41 0 0 60.565 0 0 56.3668 0 0 0 64.7505 53.7807 0 22.7998 0 21.7615 67.4403 86.3937 68.2527 20.2388 6.2382 0 87.5156 0 0 1.0197 55.0449 43.6862 0 0 66.3016
20.5366 33.4255 57.9139 78.0452 1.9545 0 52.4411 0 0 0 76.103 74.8108 34.7428 0 0 0 6.5926 0 0.9712 0 0 15.9189 0 15.9461 0 0 46.478 0 0 0 0 67.5593 21.4821 4.6697 0 0 0 62.5388 0 0 57.8669 0 9.1309 4.9487 0 14.4909 49.5359 18.4311 0 0 0 0 43.2156 0 0 66.8079 68.7538 0 0 32.7897 54.637 61.0968 4.8018 40.6426 0 10.8824 0 11.137 31.8978 32.6752 0 0 9.1807 42.8501 0 45.2972 0 26.4067 15.1879 0 82.6038 68.0527 0 20.6539 0 60.4914 60.9546 56.8259 81.2985 24.2973 0 0 0 0 71.1341 37.1724 49.1102 0 0 49.8576 31.0784
3.9126 0 0 60.9586 27.7698 23.3843 5.7228 0 0 0 0 0 0 35.4188 11.2017 0 91.4569 56.9331 0 0 34.811 6.7301 0 13.958 0 47.6257 23.261 0 0 0 38.1049 0 37.6784 73.2707 0 0 0 8.9331 0 0 19.3421 0 0 0 0 0 0 0 0 5.4421 0 3.6203 46.3168 41.6116 0 6.31 0 40.9145 61.0333 3.5527 0.7171 58.7848 0 0 70.9015 0 63.8923 25.1013 0 0 71.9125 6.7104 17.54 0 0 0 49.1083 15.6988 0 2.2925 32.0775 0 4.5465 0 0 0 51.3206 0 38.1762 0 45.9938 11.313 44.7612 0 0 0 45.0054 0 14.9236 28.6755 20.2351
0 59.1858 0 0 21.0677 0 24.8211 29.2123 74.6301 0 35.2877 42.1885 0 0 0 0 0 60.1685 74.2043 15.3877 0 0 0 10.928 53.0032 0 71.6013 39.8487 26.631 0 0 33.177 44.6677 33.2986 0 0 0 0 0 0 0 35.0154 55.7215 22.468 0 48.3643 0 37.1226 0 22.8828 0 0 0 0 37.5369 0 55.6753 4.028 0 0 0 0 6.4277 0 0 80.7151 54.6637 0 48.6785 20.5666 17.9857 0 0 0 0 0 0 54.6873 41.2258 0 0 0 63.2517 0 0 0 64.0638 6.64 0 0 0 0 0 0 36.622 0 0 0 51.5507 77.8074 72.2641
39.8714 0 6.5025 0 0 0 0 0 0 86.4147 0 83.8752 0 9.2925 0 0 86.1695 30.5245 56.1274 78.2015 64.3439 42.5468 0 0 15.6412 13.2358 43.9009 25.4969 39.0049 57.5833 0 0 37.6289 57.9378 0 0 38.4852 0 0 0 0 29.1066 0 0 10.3715 0 9.1871 0 31.7582 0 38.1004 0 0 0 31.9379 0 59.5328 62.918 31.7743 0 0 0 36.4371 25.199 0 69.0856 0 48.5765 51.8995 39.2936 18.599 0 0 23.6682 52.5846 4.11 61.8651 63.812 0 0 40.7801 0 0 40.1537 0 0 16.936 82.8666 0 66.5582 0 0 5.768 30.7392 0 53.8898 58.6411 65.1657 0 44.2419 0
0 18.8932 0.5384 38.45 24.9872 0 34.364 0 0 0 0 38.7648 26.5388 15.9863 0 0 0 0 0 0 62.8059 19.0197 14.4493 0 57.0642 46.8916 0 0 0 0 0 69.8021 0 0 29.8601 42.8201 0 14.3594 0 0 94.5412 0 31.3235 0 48.9591 0 0 39.5263 31.2648 11.2226 60.1555 9.1807 2.0429 41.5392 0 0 0 23.6435 27.4388 0 0 0 0 53.9103 0 0 0 0 69.7526 0 0 0 0 0 41.2153 0 38.3712 72.8457 0 0 18.9543 36.4775 0 0 0 0 75.5854 57.4354 0 80.6985 87.6378 0 80.6587 33.4149 0 25.1599 56.1955 7.9863 0 5.3864 17.7975
20.1898 0 0 0 33.8213 0 65.071 17.128 39.2191 0 0 0 55.1563 0 27.9691 59.6657 0 42.6343 2.4241 11.4301 0 50.6442 28.7044 0 70.231 32.0292 46.9392 0 33.5968 24.9106 0 0 4.407 0 0 0 0 0 0 0 0 5.9304 0 0 0 15.725 72.2763 0 0 0 32.0653 18.9174 0 0 62.7464 49.2513 0 0 24.5522 0 0 0 14.9848 0 49.5716 57.6552 85.5893 0 0 94.4588 0 0 49.5548 0 4.9264 16.8107 3.2759 34.7202 35.1983 34.5449 47.5137 3.3531 58.1625 38.7918 63.7476 6.0567 2.9115 0 0 0 28.0448 17.998 23.8951 23.4923 4.0257 49.511 86.119 71.0345 68.5819 0 0
19.6533 0 2.4916 0 58.4322 34.4165 0 0 7.8585 0 0 0 0 20.4834 47.3962 0 0 50.0541 54.7779 35.6386 60.3865 25.2059 0 36.9166 0 0 0 0 24.3735 32.317 0 90.884 0 14.287 21.7512 0 0 0 0 40.8096 0 55.1315 44.5716 0 0 0 22.9242 0 18.8403 73.4849 0 71.1639 0 4.5514 41.5216 0 42.7973 1.4862 30.5233 26.1467 60.4309 0 14.1044 0 0 37.3354 22.4699 18.9914 0 0 53.8209 49.5967 15.5939 13.511 82.5427 0 17.6224 0 0 34.6415 25.7512 99.8862 70.8141 45.4262 31.4213 58.6252 0 0 50.1967 0 6.9914 52.9579 0 0 0 34.9642 0 65.1791 0 3.0805 0
0 0 0 23.0873 0 0 35.0111 14.7618 0 0 0 7.2133 0.6095 26.6101 0 93.5352 34.9958 0 26.3453 68.6859 0 0 26.9337 73.258 0 13.3109 29.0945 0 72.2098 18.1467 46.8262 42.6086 0 0 37.7607 0 0 0 73.6971 0 0 0 31.1896 0 84.8079 0 5.9166 0 19.3826 0 0 0 0 0 0 38.6812 20.736 22.5984 19.3956 4.5576 0 0 29.6009 0 1.3256 32.9011 0 0 0 0 47.7462 14.6172 52.0852 50.2329 0 5.0647 0 0 87.8401 0 0 49.5756 24.854 56.4058 0 0 0 58.662 0 0 0 79.808 19.0097 18.9141 2.3748 47.734 5.8587 0 6.0407 0 28.5173
0 74.728 17.7325 0 91.599 0 0 54.1626 0 0 0 0 0 57.0843 47.222 7.4508 25.4434 21.4368 0 40.2937 21.7745 0 16.5976 8.638 35.1901 0 58.3422 21.2139 30.6254 63.076 0 1.9366 8.3435 69.7162 8.5356 34.8042 65.3519 65.6937 47.3651 22.736 0 0 12.2932 65.1255 0 0 69.4822 0 0 13.3452 0 73.9172 86.8896 11.0263 0 47.5267 0 15.4243 25.2427 14.3064 0 0 0 0.9327 18.1619 9.2275 23.2964 0 0 71.9421 53.5395 11.6139 0 0 65.5251 0 28.7467 0 72.5945 0 0 0 0 0.5028 0 0 0 0 53.2815 24.3694 0 28.6021 19.0227 0 60.9955 0 0 0 42.9083 0 73.3296
0 43.8503 0 0 71.6803 37.4455 37.7679 32.3731 0 0 52.8452 0 0 0 0 0 0 0 70.1695 0 0 0 0 69.4508 11.9355 50.915 61.23 0 0 0 83.3401 44.2101 0 0 17.9915 24.7987 0 0 0 47.1672 0 0 0 0 0 0 0 0 60.6809 0 13.2628 57.3765 88.883 0 0 0 49.8061 13.4128 0 0 34.8739 41.6711 48.2371 0 31.1404 56.1529 0 0 20.7597 0 0 53.3745 36.2078 0 18.9823 0 0 0 54.0255 39.598 55.3345 0 0 0 25.8998 47.8386 0 5.4868 27.6896 0 0 0 74.2364 0 59.6847 0 0.5656 0 0 0 0
66.6548 0 8.9376 89.4052 55.1122 3.9203 49.6361 38.2887 0 1.6678 5.8585 0 0 0 52.7153 33.6237 59.6755 0 0 0 0 58.6723 0 0 0 38.5764 55.4255 0 46.3064 0 0 0 0 84.7724 50.3962 0 43.7875 16.5193 0 0 29.2207 14.9978 22.0325 0 86.427 0 74.4672 0 10.4768 30.7869 0 83.348 13.3599 0 57.6863 0 59.6298 20.6361 52.9497 12.1164 56.0755 84.9381 0 70.082 9.4642 0 0 17.3176 0 0 0 29.5712 54.5358 0 92.0513 71.1808 58.7937 12.0103 0 0 0 0 33.3795 38.3483 0 66.8875 0 44.0734 50.3249 5.0528 60.432 15.2776 86.3714 30.6984 36.1917 0 14.3749 0 0 0 34.2886
10.3543 0 67.9937 0 0 14.3174 0 6.707 0 0 0 0 0 56.3841 0 74.1497 16.2126 0 73.7184 7.254 0 0 68.9451 76.7965 0 0 0 0 18.6956 65.8853 47.5722 0 41.3491 56.7167 13.1128 0 0 36.0276 34.9318 0 0 0 0 54.666 0 0 26.3295 44.6149 15.1184 27.3399 33.9411 25.8666 63.3365 0 0 27.0092 0 78.6358 46.9882 30.2749 25.1256 0 22.8792 0 61.5084 0 35.0381 43.1714 6.8287 0 25.3098 0 51.5719 0 53.977 72.6238 0 97.869 39.3521 12.2054 0 20.5623 19.2168 0 0 1.4425 0 13.4319 0 43.1286 0 57.6945 0 0 48.0121 37.4365 7.0595 0 18.4248 0 0
22.7703 0 0 0 6.7456 89.7118 0 0 61.7989 91.6361 0 57.1763 0 75.9098 0 0 53.6144 0 0 0 0 68.5716 77.7249 30.9511 63.7594 0 0 61.4814 10.5484 22.0699 42.1563 0 19.0659 37.5762 32.3665 29.1444 0 1.898 49.7822 69.0322 47.7022 43.4778 25.6283 0 3.6535 25.6094 21.4411 0 0 8.3448 0 0 0 0 0 0 0 0 75.04 0 51.2249 0 32.9456 56.4607 24.1602 0 0 0 0 0 9.4131 53.7841 15.1277 42.0848 41.6392 20.3047 0 0 15.9756 8.8813 74.1492 0 0 0 17.1468 12.2519 0 0 24.9279 0 0 17.0195 0 30.876 0 7.9372 47.8956 72.5026 0 0 58.0952
5.505 0 49.7352 32.4051 0 0 2.6817 0 12.7322 62.0118 0 0 39.6713 0 9.5838 51.9698 0 97.5006 20.6105 0 0 0 0 0 0 0 32.1208 0 59.702 16.4922 0 16.1758 10.4106 0 29.7074 55.1231 16.1215 0 5.8476 0 0 47.0689 0 0 0 46.9983 31.1366 0 0 0 7.3663 0 11.6744 0 28.1163 37.6803 35.225 56.0517 70.9945 0 52.3356 0 58.111 0 68.6871 23.5078 0 7.7151 0 0 11.79 0 63.8941 0 0 22.541 0 65.6779 0 41.6887 0 24.1986 29.498 0 13.3953 13.1506 35.8245 0 36.9678 0 34.634 0 31.0074 0 14.1676 0 18.0627 0 0 0 0
18.7993 0 0 9.6588 0 46.4909 0 0 0 24.5887 0 0 0 6.01 33.5622 0 0 35.4332 43.1573 28.3466 28.9683 0 0 0 75.8066 0 52.4589 9.5686 65.5685 32.0699 48.1255 75.9803 21.0949 7.4962 0 21.2408 7.9625 47.6776 0 18.9308 5.6277 0 0 42.2233 52.3779 61.1784 0 0 0 15.6542 0 27.4156 21.2913 2.3544 36.0746 61.6484 0 0 0 57.0685 65.8974 0 42.3975 84.1537 36.6111 51.9746 29.182 41.572 27.5659 0 0 0 0 15.7684 0 47.2274 0 6.571 0 0 17.324 0.7788 37.5299 11.6464 0 0 23.6539 33.6888 0 67.7138 1.7121 3.4709 61.9447 6.0453 0 0 93.6898 49.8715 45.1097 0 47.0293
0 0 15.1702 46.7339 0 51.8455 0 0 3.3371 1.0528 77.9702 0 0 8.8359 0 0 16.0675 0 0 37.0247 0 0 0 0 0 0 74.5739 0 0 89.3448 47.8701 0 0 59.4765 85.5126 0 0 36.4451 0 30.3195 41.1078 0 17.9688 53.3264 0 0 24.4613 10.6368 0 75.4316 49.1832 17.3445 6.9477 14.9975 0 0 1.5445 39.2599 32.8478 0 17.2544 61.3792 41.6076 4.1051 0 24.6448 0 0 55.2699 40.1729 0 75.8897 0 0 24.2208 14.1312 0 49.2796 0 0 2.507 21.1155 67.752 0 72.6373 0 0 18.6608 0 65.4412 0 0 87.7873 67.5873 72.149 0 69.3183 48.1518 0 0 3.5119
0 0 0 0 0 0 0.5294 0 0 13.2182 7.2628 0 0 0 20.6828 0 10.882 0 0 59.2345 0 7.7161 46.1318 25.7501 0 7.4428 19.002 9.6676 57.4913 3.9684 20.9062 0 52.0123 30.1514 0 15.8615 0 0 1.0216 0 40.1313 43.7575 0 51.8168 0 0 0 0 0 0 57.6594 0 0 0 27.5654 59.2226 0 0 0 78.13 56.8128 0 0 2.5274 70.8228 28.0705 26.9888 7.2654 73.4383 39.1826 0 21.5558 69.9891 0 10.4768 28.6609 10.0714 0 75.2254 73.4205 0 0 0 0 0 50.5753 0 65.4079 3.472 50.8383 0 0 34.8021 0 0 0 25.6714 0 13.9567 63.9037 0
0 80.5244 23.5743 0 0 66.5278 22.2403 46.4898 0 0 0 0 0 0 8.9601 0 45.9198 67.8156 10.0224 0 0 2.6604 6.5011 0 0 28.0757 0 60.8729 0 54.9327 0 73.8658 0 0 70.5539 53.9201 30.8258 62.0572 44.9442 0 0 21.8279 0 0 53.9732 6.8826 0 0 0 46.4381 26.1992 0 2.3063 65.8568 0 0 0 48.5453 0 81.8932 76.2872 0 0 47.2073 0 0 0 0 0 0 74.1789 10.2346 89.0216 47.6011 3.9257 0 27.8643 0 45.516 0 81.571 77.6288 76.7885 0.64 24.744 25.4473 0 0 57.4662 44.2042 61.4963 0 0 0 0 82.7668 0 0 0 0 51.0011
0 0 0 15.4154 62.9498 12.1931 25.0289 54.2453 43.7703 0 0 0 0 41.966 65.4454 0 64.8597 0 0 57.6646 0 0 0 0 0 0 34.5406 9.8708 19.9897 45.857 46.7496 81.3725 7.2533 0 12.5049 59.2501 33.335 0 0 42.595 58.6102 0 56.4011 11.4449 0 0 30.5709 0 0 6.0738 75.0212 0 36.4022 33.2934 33.6645 32.8923 86.7798 56.3928 0 30.7943 0 18.4822 83.3949 62.8041 2.021 0 0 0 82.699 70.6615 0 54.9978 1.295 2.7203 0 0 27.2156 0 32.3335 0 5.1782 31.7475 0 0 5.6803 11.9073 0 0 0 49.2884 0 0 60.3143 28.9344 44.7797 57.346 35.1479 0 0 51.2126 0
0 0 0 15.2788 51.3065 0 4.5559 2.2721 0 0 0 22.8249 0 42.5791 29.3844 0 0 0 0 33.3725 0 2.0043 16.3089 40.7267 0 0 0.6959 8.8428 10.6578 91.0502 0 48.3961 24.5775 80.8903 14.3432 0 0 10.8683 29.4133 0 20.9462 36.8027 7.8553 6.9557 0 45.1272 62.8106 64.1223 4.8264 3.285 19.4607 40.8626 52.4255 0 0 0 59.9217 6.2318 71.6999 49.0055 0 44.2988 55.9325 35.2253 69.8984 16.8332 0 0 0 0 0 21.9731 46.6004 40.8019 0 62.1609 33.9676 0 0 0 10.3715 51.6717 0 0 50.3097 0 20.3182 0 86.9189 0 2.9595 71.9551 30.7139 9.9088 0 0 95.648 63.998 0 68.733 58.3995
0 64.7802 32.052 9.2626 0 0 42.2386 0 0 37.1048 22.9352 0 20.9898 0 38.2075 90.3806 0 71.3556 0 41.5109 0 0 0 26.6869 50.3197 42.5122 0 9.1849 0 32.0246 0 0 0 1.3585 0 82.6631 0 0 0 0 0 0 0 42.0368 24.7431 41.6225 18.7794 13.4648 1.9162 0 22.6964 0 62.6133 0 13.1796 21.3187 18.3759 37.08 61.5721 0 0 30.1449 16.408 45.7736 0 34.0171 18.9564 40.535 23.0181 0 0 0 15.9917 0 0 0 0 0 0 11.4022 0 28.1293 0 45.1531 24.9102 0 0 31.4116 38.3714 20.5789 0 39.5767 0 52.7903 0 0 40.1093 0 0 0 0
0 0 0 0 0 13.1107 44.3563 0 69.5673 0 0 33.1172 56.1454 0 0 71.1393 20.1142 84.1251 0 40.7109 0 48.8997 22.6832 0 0 84.0378 3.4544 16.8269 0 55.9939 48.9751 0 34.0682 48.3797 61.8871 11.4756 0 0 0 39.1732 17.0899 0 6.5912 60.6213 0 0.8406 70.2865 0 0 73.0824 66.9055 0 0 62.2973 54.6021 0 0 17.3909 36.2659 23.4456 88.9188 0 0 34.4572 0 0 29.426 44.9806 0 0 0 0 0 2.0271 63.3181 34.1761 39.6898 8.425 24.2481 0 43.9521 32.3112 34.2409 0 62.1585 0 28.7738 10.6163 36.0918 0 47.9563 36.6081 0 65.7886 0 0 0 0 0 21.9251 16.3934
0 37.3024 1.8042 0 0 67.8065 85.213 67.9571 51.3575 0 10.9698 16.7534 0 18.7575 17.7841 0 67.9965 25.2107 66.2935 34.4232 22.3514 8.9206 96.4127 0 81.8519 0 0 61.013 0 1.2314 0 0 0 35.4059 0 33.8432 0 0 23.1845 0 19.6319 2.9241 81.903 18.8599 0 30.1132 0 72.3864 22.0571 86.4537 55.9392 68.5366 65.7141 44.8566 0 73.8965 0 11.4001 16.0288 0 0 0 5.2365 0 0 0 19.3326 40.4089 0 7.6945 0 26.378 0 0 70.5877 0 81.0759 40.5197 89.3451 0 0 54.3598 0 0 0 0 0 81.7142 0 0 8.7908 33.2923 62.5175 0 0 17.6796 58.5939 0 0 0 50.6996
0 0 51.5786 26.5449 0 26.4261 41.901 0 31.8191 0 71.9606 56.1759 13.6406 60.1211 47.6134 17.7853 4.5109 17.8884 0 0 0 23.7441 3.8592 89.2255 12.1899 0 0 0 0 4.7754 0 2.4706 0 9.9235 0 0 63.8554 0 0 0 16.4878 0 0 12.6297 0 36.7206 17.4635 0 0 24.2274 0 69.4293 0 70.6423 0 4.9262 0 0 43.4267 2.7087 30.6189 0 6.5947 0 31.5685 24.3441 0 90.3091 0 0 52.287 51.6834 90.6351 51.3168 83.4773 0 51.9575 76.584 0 20.044 0 0 45.819 25.1966 0 14.9102 65.4395 0 0 0 0 0 0 67.6781 0 35.3163 0 0 31.8537 0 0
72.6504 0 0 0 83.0844 24.3622 15.0837 2.28 50.0176 49.9319 45.0464 0 67.9109 29.202 3.9156 38.536 0 45.887 56.834 0 0 18.8042 28.74 0 13.661 51.802 64.5784 0 0 63.5134 10.6747 49.8707 28.1905 79.4195 0 28.3809 52.1251 96.3714 0 61.2685 58.449 42.3735 0 9.3197 25.0414 0 0 24.2405 66.861 40.8766 28.9286 0 27.2546 64.1342 0 0 49.4591 0 48.6185 0 7.2898 0 16.0276 81.8609 48.0582 68.1312 12.6692 0 0 0 0 0 0 79.8461 67.553 0 22.1816 51.1006 0 0 54.0057 61.7687 82.3445 55.9615 0 0 35.3233 0 0 18.5861 0 0 0 0 9.0993 14.4635 0 0 27.8935 0 0
18.2386 61.9026 24.3294 13.7777 10.0761 18.6639 0 28.3653 30.8922 0 71.6282 3.8462 0 0 0 0 44.2395 59.1929 0 0 0 58.7883 21.7598 0 0 0 0 6.9077 11.4845 14.6686 28.4365 0 49.2852 0 0 52.7997 42.159 61.5211 47.5928 45.6917 0 0 12.7758 9.3451 54.1869 78.5088 0 35.7674 0 0 0 0 23.5624 0 0 0 16.4448 0 53.6449 0 0 13.7276 42.5434 0 16.7336 0 0 56.5226 0 0 36.7098 0 0 0 48.8994 0 24.5135 9.9447 7.8573 0 20.6948 59.5191 0 0 0 79.6559 51.0475 0 36.0197 0 11.0959 0 0 55.291 31.138 0 0 31.7148 28.1969 0 6.7358
0 0 80.3582 8.5474 16.9157 9.6201 0 61.1819 7.7746 60.0414 10.6533 0 48.1755 0 0 64.845 71.988 64.8278 0 33.8514 36.5721 39.397 79.5651 70.7465 21.2783 54.3836 0 92.2965 23.3314 33.1398 69.0081 33.5506 0 0 3.1374 24.9418 33.3619 7.6934 27.3964 0 46.0569 0 14.2933 20.5441 0 0 0 0 23.891 38.3478 50.3005 63.5861 0 28.1655 19.3214 0 0 0 33.7005 59.8165 4.1149 0 0 0 12.5952 83.97 0 60.7907 0 67.4181 0 0 23.1765 0 0 0 0 0 0 0 29.8169 0 0 34.101 0.8481 0 11.0084 8.3892 0 0 0 60.6501 0 0 0 14.7092 0 16.4915 0 0 29.3228
0 37.3634 0 0 23.2192 37.296 0 64.3993 19.2028 8.2095 7.5105 51.7205 0 0 0 0 46.3229 48.9718 59.6088 0 0 30.5041 0 0 0 8.2766 0 47.0508 0 39.0388 11.8159 0 0 0 35.775 45.5034 36.0683 23.6644 42.7458 0 2.3685 21.1919 66.9838 53.0502 0 0 34.7922 16.1771 64.2996 29.5341 0 0 24.9548 0 0 0 42.5247 65.8343 39.9383 0 0 11.8082 0 58.8089 0 0 0 0 9.8382 0 73.659 7.9612 85.2351 12.5786 17.5315 18.6621 0 0 38.2169 0 0 9.1181 66.9722 15.8669 0 20.5284 0 53.6031 0 0 0 69.6515 47.2717 64.4338 0 36.8378 24.3149 29.6517 0 0 48.773
44.5819 0 0 27.9961 0 0 66.5493 0 0 0 0 0 0 0 0 0 19.7716 0 60.407 7.6847 0 0 0 0 0 0 0 5.184 0 60.1216 82.6071 25.1266 0 78.0659 7.7888 89.9889 0 26.7231 12.9212 0 0 0 0 0 43.5365 0 0 0 1.0062 0 0 45.8965 47.6881 95.8803 0 67.9702 33.3493 0 50.536 82.2868 0.6157 0 0 0 7.06 0 0 0 0 48.8897 74.3263 16.9337 0 35.3466 0 20.4563 39.2129 37.4077 16.5286 64.8439 76.9329 0 0 51.1937 88.948 43.6602 0 0 0 23.8392 45.2408 0 9.9139 62.1475 30.7944 41.4193 0 0 0 0 0
15.4974 0 37.1289 71.7371 71.3545 46.4156 0 0 0 64.7013 56.5899 53.1324 0 0 16.0922 0 68.8591 11.4145 0 29.8125 32.718 87.0699 0 0 15.9276 0 95.2404 26.0831 21.7807 17.8345 0 0 43.6199 19.5358 0 70.3173 0 59.5064 0 3.9442 0 52.4942 34.2384 63.2187 0 0 0 0 0 0 0 37.4575 0 29.5802 38.5378 37.2837 0 47.8833 0 38.1209 0 3.1493 31.3513 0 0 19.0414 0 0 0 0 0 25.4752 0 0 26.5217 25.3448 0 59.1731 18.7735 46.6557 0 76.6675 0 35.9904 60.6692 0 3.5213 0 0 36.515 0 0 0 0 3.539 0 0 50.9766 61.3716 0 10.6008
43.9413 13.469 24.113 0 0 50.5183 22.3423 0 0 0 62.2542 0 6.4929 66.5341 4.3195 0 12.0379 0 0 0 0 47.1923 0 34.8799 13.7396 0 0 0 76.0305 60.8523 34.912 71.3291 0 44.1611 54.1779 0 53.2851 0 0 0 0 75.0823 10.9923 0 0 26.2692 0 0 69.3633 0 0 0 0 1.8624 0 0 0 0 25.5258 0 1.8607 41.1864 0 6.9691 27.8844 0 0 24.7958 15.97 0 0 21.199 0 33.6953 80.9965 0 0 0 0 0 42.2554 19.1763 0 0 27.4481 16.6532 4.4469 0 0 0 0 0 0 0 0 43.1507 31.6332 0 0 0 12.908
46.9662 64.2693 0 89.5024 30.2086 6.1584 18.9835 36.5496 0 28.4833 33.427 0 0 68.0986 0 47.7632 38.1087 0 0 0 87.648 0 30.6999 0 77.7688 0 0 0 0 0 0 0 0 0 0 51.299 9.2931 0 0 1.7803 0 0 67.5795 22.9085 12.4774 0 0 0 28.3224 60.1615 0 0 0 50.2847 0 0 87.6697 20.2969 37.6345 0 53.5761 0 0 6.3509 0 26.4561 0 0 22.8284 29.064 41.4987 0 6.7297 0 0 39.8516 15.41 0 33.5306 0 0.8612 43.3399 6.3243 23.9458 0 0 0 0 10.6476 0 6.164 27.2506 59.4637 73.5718 0 0 0 0 23.0183 0 0
6.7255 51.932 0 0 0 0 0 0 18.4278 7.5371 40.7452 0 0 0 72.3193 2.0903 27.263 0 62.7805 36.6737 44.1662 0 52.0779 53.1341 17.2788 0 19.8804 0 42.9374 0 33.1621 0 49.3304 0 0 0 37.4671 0 0 3.9307 0 71.5118 0 0 0 0 47.7563 0 0 18.386 67.7106 0 1.7105 0 0 32.5752 60.9651 19.2818 42.1341 0 0 53.6646 0 0 18.7505 45.7434 0 2.1667 38.5646 41.3333 42.1801 54.429 58.0666 36.194 5.0504 0 0 71.1193 22.2108 60.6461 73.5673 2.9785 0 33.3994 46.6522 13.3824 15.0263 48.7008 22.5812 0 0 0 47.6251 0 26.7261 73.6468 0 10.52 50.0893 0 72.1956
0 20.8656 74.6523 0 0 50.5374 11.3926 34.7476 0 13.2494 0 0 0 48.6255 19.3493 49.4525 0 66.6519 0 19.3348 43.1941 75.3267 0 31.1884 0 67.4737 0 4.7959 0 1.3525 0 56.82 42.8734 0 0 0 0 91.818 0 83.4243 0 0 0 0 10.3548 0 0 13.4775 0 0 6.2201 61.1364 0 0 0 7.6531 0 0 0 57.336 0 0 0 30.7812 0 26.5958 83.4275 40.5785 44.332 0 49.8617 0 64.885 52.0306 20.6258 83.6042 46.9926 0 2.4889 7.6331 0 22.4392 50.5385 0 45.93 0 13.0923 0 36.3748 0 0 0 1.6895 0 0 0 0 26.497 0 11.7161 0
0 0 0 1.5593 0 0 0 0 0 0 0 19.0918 0 0 0 0 0 0 18.8359 54.6728 0 0 6.4806 0 0 85.3618 0 64.1159 65.5822 0 0 24.6515 0 0 0 0 16.2492 34.4189 0 0 44.5276 16.2915 0 0 0 1.9444 74.9641 42.861 0 0 38.2485 0 54.2705 45.6449 37.7485 0 0 0 0 92.2775 45.4379 0 0 10.8954 0 0 0 24.565 0 48.4061 0 0 43.2615 0 0 60.6885 0 44.8407 27.503 22.442 16.72 0 0 0 0 12.5435 0 54.0229 0 0 6.536 34.6724 29.0341 0 51.9973 69.2949 0 12.5075 0 21.9255 0
0 0 0 67.6256 0 0 40.0895 8.9289 0 0 25.5579 0 8.3736 0 0 20.8391 0 12.4621 0 0 23.3862 0 28.6701 0 0 55.2821 28.1065 0 0 0 0 24.1039 73.5295 36.5027 39.34 0 0 30.5535 41.5667 0 0 33.9184 61.3724 0 0 11.5784 64.8502 20.3453 0 0 0 17.9257 56.1066 12.8554 0 0 0 76.6616 0 0 0 84.4675 6.778 0 46.6746 71.9983 11.8104 0 0 39.5318 58.3504 0 0 63.9848 71.3532 68.5343 0 0 0 0 0 0 0 65.2946 64.7091 0 0 0 24.4039 0 37.3428 0 0 12.4095 44.3139 44.3346 0 0 31.9756 24.3063 36.0101
21.6793 0 0 0 33.3216 0 0 44.9705 0 0 68.1072 37.2986 29.2528 0 39.941 0 24.3473 60.8773 11.0443 0 11.6558 39.5432 33.2737 12.0773 0 0 40.1206 0 32.0524 59.3883 0 0 0 18.2727 0 52.3097 52.856 10.3201 77.5555 0 0 4.158 59.7724 45.3688 12.0198 61.1588 0 64.8851 0 10.3119 62.1506 0 0 0 0 84.3917 0 0 20.1076 13.5511 13.5364 0 0 25.1359 48.6023 9.9569 0.8911 0 0 6.1831 0 0 32.7551 27.956 0 21.3805 0 52.5299 0 0 11.884 0 0 0 0 76.4311 10.2611 0 2.0067 18.1339 3.481 0 74.5896 0 70.3171 0 0 52.8719 49.4083 0 0
0 41.6019 43.112 73.5466 26.7375 0 62.7808 0 0 0 9.6635 62.7735 0 2.7305 0 4.2102 0 39.5456 22.3919 0 34.0364 59.7755 26.2838 0 0 0 0 32.1245 0 0 47.9113 0 0 0 0 0 0 6.8893 0 0 0 17.764 0 21.5007 79.8914 0 0 52.2489 43.5971 0 0 13.9287 38.8508 39.9259 44.9441 0 0 38.5194 59.004 4.8063 0 0 0 18.9308 67.5474 1.557 0 0 0 0 0 0 16.016 8.0053 0 27.7073 54.4105 0.9405 51.1991 60.486 30.2599 0 0 50.0143 3.7283 0 0 90.7661 9.6815 69.6539 3.8111 45.6037 11.2316 57.6459 13.8699 0 57.6999 35.0436 0 0 0
0 80.7035 0 11.5338 36.8672 0 61.2978 0 0 0 39.8025 41.587 0 11.6569 9.2866 3.3113 0 60.2788 0 0 47.3607 0 34.6835 0 27.9427 20.0779 11.4683 23.9702 28.933 45.0572 0 83.8418 0 27.3483 34.1128 22.3473 0 0 37.3876 14.9254 0 0 59.7836 0 2.7043 0 0 14.6135 0 25.9939 21.7329 14.4115 32.1837 6.908 0 0 0 0 50.9434 0 16.6327 0 86.7001 54.6053 67.4285 0 0 47.5334 0 54.9647 0 0 0 27.3671 78.3686 41.1186 0 0 0 34.8915 46.3943 26.1302 29.6963 64.4369 72.0479 0 13.4426 30.9401 23.521 0 0 43.1416 0 93.0435 0 43.3093 0 0 0 56.0019 0
0 60.0697 0 0 0 91.4542 2.2862 0 21.7893 0 0 23.9646 0 18.3164 0 0 51.1961 27.101 0 8.5675 34.2645 30.543 14.7294 0 0 82.7482 19.1032 14.6012 33.8362 0 27.1284 0 0 0 47.2997 0 0 0 63.7304 0 76.3201 0 83.8342 46.6615 41.7386 0 56.1611 0 0 58.4373 8.2471 0 0 0 57.0913 0 10.7126 0 0 55.857 49.1614 0 0 32.562 0 0 0 0 0 21.5571 0 0 53.6478 42.1567 0 0 91.2093 0 74.8041 31.0074 0 0 0 75.2107 0 0 68.3298 16.6997 7.538 0 24.7348 0 0 0 53.7482 0 18.3402 0 32.8584 0 0
0 13.4199 47.783 37.9861 29.965 35.0526 18.7285 35.6356 0 0 0 0 0 0 0 0 4.9388 0 0 0 82.5818 0 48.7616 0 0 0 0 0 67.7889 0 20.3645 64.6573 32.9948 0 43.1207 59.7734 0 59.2151 67.9676 0 26.2925 0 54.9849 53.1143 27.0222 3.7415 50.6967 0 0 25.0273 0 25.0636 0 41.3604 0 0 0 0 51.0784 0 0 0 0 24.2202 0 0 25.9326 24.3646 0 0 44.0529 21.8555 0 22.1486 0 21.385 0 47.3993 27.4827 0 9.4011 65.2254 62.4204 68.4402 18.2766 0 80.561 1.8094 0 0 41.701 33.3737 19.2596 56.6676 0 2.4544 8.4443 31.3618 0 0 0
0 0 0 0 44.1279 54.3246 0 33.2852 73.2487 0 39.7544 81.4219 53.1173 73.6108 10.7112 0 57.834 29.2613 44.0421 37.4206 9.5511 0 0 0 86.852 81.1923 12.4072 3.5145 14.6091 0 0 26.799 0 88.9459 0 8.566 0 44.1628 50.5742 0 32.0896 0 0 0 19.549 0 0 66.9944 63.5057 42.5652 0 12.4268 52.1469 0 13.1687 0 27.3258 29.9083 30.392 0 41.2926 0 0 11.037 0 1.3035 5.9685 0 0 38.4304 29.6293 18.1316 42.776 81.2829 14.1468 14.7492 47.0615 19.3478 27.7149 0 27.5615 0 0 89.9673 0 0 0 20.4405 0 40.5548 55.9623 0 17.5571 0 0 13.8129 4.6559 0 15.0211 35.651 0
0 71.9507 64.5406 4.2185 79.841 39.8525 57.6284 51.3792 0 47.6556 0 0 14.0402 0 80.1979 0 27.2577 0 0 0 0 18.0679 0 25.1442 0 0 0 0 0 39.2335 86.8312 5.4529 0 0 9.2332 2.5285 0 35.7682 0 61.223 0 0 1.5251 35.3151 14.3175 0 0 0 20.1086 51.0742 30.9823 92.3486 49.6649 57.9458 15.0641 10.6544 0 0 0 75.8294 54.0487 14.6462 19.0229 90.511 67.9793 0 0 0 0 0 0 0 0 27.479 61.6958 0 9.5974 3.978 9.6443 0 21.8773 0 72.809 0 12.099 33.9645 3.9933 0 15.0906 66.9251 0 28.7337 66.6524 0 0 0 9.6224 45.3038 19.7446 0 0
34.5528 0 0 9.7347 0 0 47.389 0 33.1105 16.1274 51.9694 72.9406 0 0 28.3436 0 0 0 16.2256 0 14.0452 0 0 0 68.4392 0 1.2561 0 17.428 0 51.2565 10.2409 48.1152 87.7242 0 62.084 11.9249 86.1496 0 43.0119 19.8365 0 0 85.8545 0 21.9049 15.6097 10.1308 84.1025 44.3733 20.8815 0 0 0 0 0 42.5298 62.4172 36.0158 6.11 86.0899 9.5889 23.5765 0 0 17.805 0 0 0 19.8342 0 23.1972 0 6.0349 1.6897 21.4668 6.9178 0 75.1715 0 50.632 0 0 92.6726 0 9.1149 0 0 0 0 0 0 31.8348 8.6706 0 35.9435 84.8638 0 0 5.0409 37.9739
64.8788 0 23.077 0 44.2793 54.7511 54.9498 0 0 9.5451 0 0 0 69.022 1.786 9.6524 0 51.467 0 0 74.8162 12.8686 39.2427 30.4535 0 0 0 74.2955 60.7792 0 0 41.7042 0 4.7962 0 0 0 0 28.674 47.7154 0 7.7301 30.5998 0 30.334 0 2.4772 29.1224 0 30.1204 54.496 45.1117 13.6981 51.1359 0 39.7039 0 14.7279 0 0 82.9481 30.4503 38.5993 23.2779 0 80.6728 59.3394 0.7126 0 4.2832 10.2297 0 84.0913 50.6219 4.7065 0 0 0 0 20.8942 44.819 15.9533 0 53.0009 0 67.7655 73.8405 0 0 0 0 43.309 0 33.6145 37.6773 53.8376 0 0 13.1363 55.0269 38.8386
53.5736 38.802 0 0 0 19.9714 12.1418 17.4136 0 34.1998 0 0 57.5025 0 0 19.7832 12.013 14.831 0 0 0 65.253 71.4203 0 0 48.0271 28.916 60.988 0 68.1881 0 0 60.9216 0 18.9523 41.7985 28.1401 18.0194 83.2125 30.8744 20.5094 56.3873 85.5947 15.7226 0 44.1234 10.0119 0 49.8659 21.8152 22.0615 42.4386 0 0 50.829 0 0 70.8372 0 0 21.0413 0.821 37.6184 30.8954 14.1793 27.767 0 50.9857 13.1407 0 22.0984 50.3379 0 18.861 24.2437 0 68.7602 0 4.7561 56.2093 0 0 0 0 7.5204 45.2351 32.6152 0 0 70.7849 0 0 4.768 0 0 6.0864 0 65.8119 0 0 0
46.5439 0 0 0 13.2944 0 0 56.5514 0 26.7065 0 0 43.9641 0 0 60.1842 53.7304 23.2916 0 0 39.6514 0 0 24.076 0.6544 4.6736 4.6149 60.561 38.7531 73.9183 0 0 0 0 7.2992 0 11.2713 0 0 0 35.1331 0 88.8564 0 50.4846 0 0 0 18.3131 21.8509 26.8694 0 36.5584 0 0 20.1436 0 6.1193 9.2082 0 47.8221 55.2754 0 44.7147 13.23 43.0844 0 36.7127 0 42.0918 3.4077 0 36.1412 0 29.6434 42.0793 50.2746 15.7462 5.7978 0 33.8335 59.9599 55.5703 0 39.8943 0 0 52.4117 0 0 0 0 34.1238 27.0237 11.1975 33.9358 0 0 0 0 24.618
0 0 55.2055 53.0904 59.0425 0 0 0 0 0 0 25.9125 0 0 15.3687 52.2393 8.8069 0 0 25.7738 59.21 0 0 0 70.9003 0 62.5835 53.4588 16.7544 0 76.463 0 0.5639 0 0 54.6505 14.1089 55.0871 73.4752 0 0 0 19.4437 0 29.1616 56.5086 0 15.2675 21.4566 67.7736 0 0 0 0 0 0 0 59.9264 39.5909 32.1689 0 6.7676 0 0 0 3.0717 12.8458 49.1294 0 54.6265 58.7453 23.6079 0 0 0 18.855 82.2157 68.4181 0 27.26 0 0 0 23.726 24.8 66.0531 18.874 0 0 37.5426 53.8094 24.9482 0 49.8602 11.1342 20.5407 29.4026 8.9713 0 0 72.0796
46.1411 13.4216 0 0 0 0 85.7034 0 52.2179 39.2456 0 48.6107 47.6263 0 4.5751 60.852 59.6211 13.816 29.8369 30.0809 0 75.5802 0 22.4033 0 10.5183 32.533 0 33.7235 27.9412 0 0 26.7544 0 11.1443 0 0 0 0 0 0 0 1.7122 0 21.5767 54.2448 12.0765 33.8443 41.2451 47.1665 1.2234 0 52.1435 0 36.2001 0 1.4219 0 16.3282 3.4197 16.5302 0 0 48.1114 0 48.9715 54.0744 22.1486 0 0 0 0 19.1636 0 0 4.4074 0 0 74.0055 10.4856 0 83.149 0 0 0 0 0 0 0 0 0 9.9834 20.8659 0 83.5602 0 83.4586 0 0 41.863 77.1991
7.1493 0 0 14.9479 0 0 30.6711 23.4999 60.5108 56.6445 20.7832 0 0 0 0 0 60.7773 0 0 36.2682 18.4843 49.1196 71.6188 0 0 0 0 0 0 49.618 54.0276 41.6763 0 69.7276 38.358 70.2601 25.0616 0 0 69.8413 0 18.1685 0 0 33.8709 0 0 0 18.2457 0 14.9994 0 0 39.6837 5.7154 3.7206 4.2501 0 33.4357 0 73.692 0 0 44.0747 0 84.2666 0 78.96 0 1.7663 5.6108 58.2664 0 0 2.7424 0 0 35.6851 0 0 20.7155 55.333 0.8956 21.9416 0 4.7237 0 0 57.8189 43.4607 56.5583 46.6054 3.466 0 0 0 0 0 28.9637 61.8707 0
33.328 0 0 0 12.2803 0 0 0 5.7417 38.8507 0 54.0143 16.1238 25.6749 43.3146 27.595 0 67.2231 48.394 8.762 0 0 23.1742 47.4327 0 3.6167 44.762 0 40.5312 0 0 0 0 54.9773 0 76.0096 0 0 0 0 0 0 6.4254 0 13.6948 21.6651 0 0 0 13.1415 0 55.2181 13.8419 0 27.8939 10.0156 58.0729 0 0 0 31.6387 0 0 54.351 0 0 0 8.734 16.806 39.5909 51.4557 8.1119 70.6918 52.9037 0 71.0572 6.4088 72.8603 41.5324 0 24.1404 0 12.3159 39.91 61.9329 0 0 0 31.918 0 20.5653 33.0913 0 0 53.507 0 39.7926 55.5154 0 76.3897 10.7949
30.0256 71.3402 10.8911 0 22.9649 0 0 54.2896 0 0.633 0 15.0142 0 23.7956 0 9.6306 0 12.015 0 56.9182 0 0 20.4423 56.4426 35.3311 36.2417 0 23.8629 20.8376 0 0 0 0 10.9251 15.0743 0 0 0 2.9149 0 0 0 13.0938 0 0 60.3663 0 0 95.086 0 1.923 29.4592 33.1577 0.7732 45.9394 0 0 0 0 0 38.4641 2.7836 0 0 0 89.5969 22.6386 0 41.1823 0 0 15.8642 40.9377 23.8267 45.4061 2.4799 35.0087 16.4895 0 9.4731 4.7202 0 0 0 0 19.0239 0 0 65.6156 13.8578 25.3483 31.4419 31.1488 28.5779 0 0 2.0096 0 0 32.1567 12.5506
0 51.0982 43.4404 0 8.7667 61.8802 0 0 67.6205 0 0 23.6221 0 18.4087 93.1806 12.923 70.6477 17.9014 0 0 0 0 19.1682 32.5069 35.0382 0 29.1189 0 62.066 0 0 0 0 0 0 53.445 0 5.7264 0 58.9439 0 0 0 10.61 0 0 0 0 40.734 0 88.9149 0 0 4.8669 5.792 29.3765 0 0 43.6914 0 53.3356 13.2556 56.2055 0 32.4087 0 0 0 0 38.3153 3.3723 0 38.6227 0 20.7161 46.1771 0 69.6878 10.6699 0 0.5841 0 41.286 0 0 0 56.1014 0 0 0 45.819 54.2626 0 63.3935 0 0 41.3859 7.9542 0 12.4377 12.3806
0 29.6347 0 0 0 57.8002 0 87.5458 46.3384 0 0 0.7175 22.9083 0 0 73.4614 6.1634 52.262 22.0653 9.8148 50.0263 0 0 0 17.9995 0 0 99.2615 8.1707 31.2622 0 0 0 0 16.3394 0 0 0 0 0 63.0769 12.8414 0 54.3399 47.1673 48.0696 0 72.6358 0 7.4031 49.5919 0 3.7942 0 0 0 0 80.1994 0 20.4064 23.9718 0 0 23.1695 0 0 0 47.6507 80.2646 53.1864 19.5344 0 0 0 0 66.0036 0 30.9866 0 0 0 18.9607 0 0 0 4.0545 0 0 0 0 0 0 19.7846 0 0 16.9359 0 0 4.3149 0 35.2753
0 0 40.9019 28.838 0 0 0 22.0017 25.4539 1.0858 0 0 50.8444 86.5123 0 0 0 0 0 73.7433 21.9258 13.6909 16.0463 0 0 0 0 5.9638 0 0 47.964 0 14.207 0 0 44.5632 0 49.5868 51.9373 0 0 58.9955 7.3301 9.9091 0 17.3821 66.556 0 0 0 68.1084 0 0 18.6917 2.2256 0 11.2242 0 11.153 58.4095 30.7809 29.6405 0 0 63.7395 73.9919 16.6093 0 0 0 70.2525 0 40.097 16.4215 0 0 30.7125 60.4436 29.9479 68.4201 45.8618 0 35.8082 39.726 89.6311 0 0 18.017 26.2719 0 0 0 0 37.0955 13.2231 0 0 63.4558 0 32.3164 0
65.7458 4.7338 0 0 46.5856 29.8064 18.1494 50.5962 0 28.0024 0 0 0 54.7456 0 0 31.3921 25.1864 0 12.9849 69.161 30.5139 0 0 0 0 37.5485 52.8686 0 0 16.7793 15.2256 0 0 0 20.9773 44.1723 0 0 67.7426 0 0 4.872 0 83.6237 0 37.9739 0 9.6321 40.5554 0 74.1502 36.6563 41.6196 62.9571 0 83.3074 0 0 41.3689 0 60.0631 0 0 74.7617 7.3307 0 0 27.9971 28.0376 58.9286 6.9589 0 39.4118 71.8922 7.6898 4.6819 0 0 0 0 0 93.8613 0 0 0 67.8738 16.4216 0 0 84.8846 28.9107 81.2049 0 0 82.317 0 0 0 0 14.0326
74.8568 0 0 0 0 0 49.5731 32.2635 0 0 0 44.8782 32.1144 20.8028 0 0 0 0 16.112 0 0 0 0 21.1675 51.575 26.8353 39.614 0 41.5832 0 61.0032 0 48.2121 32.7762 0 0 13.1622 17.5613 79.3622 0 0 96.1492 0 32.1705 0 20.0157 0 0 0 0 0 0 36.9519 16.3287 0 0 0 80.8314 0 55.0243 46.6646 76.2597 17.6688 0 0 0 11.7611 33.5336 0 7.9111 52.4289 0 0 0 0 38.1338 69.3285 21.0667 54.9957 72.8428 18.6952 76.3617 0 67.4027 68.0626 0 0 81.7742 70.1907 59.6369 0 82.6534 0 63.299 59.9138 34.5491 0 25.1244 0 0 4.6045
27.4071 48.5656 0 0 0 62.4179 77.8921 0 55.4267 20.086 41.1633 0 0 0 0 0 50.1316 0 0 0 0 28.462 3.9221 0 0 0 0 0 45.9179 3.0296 25.5423 0 49.6935 0 0 0 74.056 0 0 0 0 0.5764 74.6099 0 0 5.2465 0 31.9938 80.3065 33.7254 1.1925 0 0 0 0 33.3424 0 0 22.8489 0 0 0 22.7746 0 26.9702 81.443 0 34.8398 0 0 48.052 55.8806 45.3253 42.4305 19.4244 0 0 0 0 0 0 8.5366 0 0 31.9023 16.8651 46.5861 32.4317 0 32.927 40.7289 2.8476 0 0 2.8258 0 0 0 0 0 0
0 0 0 0 0 38.3018 0 66.0091 0 44.7536 45.4965 0 21.2999 0 7.6455 59.409 0 2.446 1.2114 0 0 86.4326 0 0 0 5.6368 88.2772 0 25.7227 0 0 41.8375 43.04 0 5.9464 0 0 0 44.4537 14.051 0 51.4728 0 0 43.8013 52.7984 0 7.2176 0 0 0 46.7148 0 78.6728 0 84.4646 0 15.9931 0 0 0 0 0 0 18.1153 0 0 47.8553 0 0 0 0 0 0 14.3782 0 23.9713 23.9758 0 0 12.9086 12.9644 50.9746 0 13.2306 0 39.4371 15.4925 29.597 0 0 20.1638 0 0 37.7858 23.3243 54.6571 0 25.7826 0 0
39.3692 0 17.0451 14.1743 6.7297 0 49.5855 0 30.9477 0 0 41.4018 45.4046 0 0 0 3.0544 1.0021 0 3.8145 0 1.714 3.0212 70.0668 4.9442 67.7284 0 58.6359 31.7192 0 34.9788 0 0 83.0176 0 0 0 4.2563 0 0 0 17.7051 0 40.6512 0 0 0 0 0 0.5057 0 0 0 0 0 0 62.7276 0 0 51.7986 0 2.6409 0 48.2693 0 10.0156 0 25.3651 0 0 4.5816 0 0 31.5789 0 66.2756 13.2862 26.4921 5.9597 0 0 17.6022 0 0 13.8306 25.8997 0 0 40.9939 0 0 0 0 0 46.034 0 43.041 0 0 32.9174 0
0 0 61.9713 0 0 0 59.9525 0 84.9847 43.5974 51.4309 0 0 0 0 25.9823 0 59.8891 0 57.8796 73.1757 36.4989 7.9585 38.8801 31.1101 0 0 0 0 35.4461 0 7.347 74.3188 66.011 0 0 29.9654 24.4016 0 68.9336 0 16.9593 0 40.5162 2.5828 1.4299 0 46.7058 0 47.3515 0 0 18.2958 81.8493 0 0 0 0 3.2673 20.1161 0 37.2654 26.9283 3.2414 0 0 0 8.8274 1.5293 0 75.6727 45.5591 0 37.5152 0 39.3979 0 0 37.4093 0 10.4595 0 0 30.0774 0 7.0499 63.0928 8.6539 0 0 52.4636 18.5323 0 0 6.0349 22.1221 85.5548 8.6006 65.7891 12.137 0
44.7937 0 0 7.796 29.7846 0 39.6695 7.7118 13.7184 44.6456 48.6892 38.8096 25.6992 33.6861 0 0 0 0 78.5201 73.4246 32.4643 51.0779 55.3431 0 12.4956 0 27.4978 0 43.5218 0 65.7095 56.9166 2.7007 0 0 11.8224 9.5526 77.0074 0 25.6075 70.9563 38.8432 0 0 0 46.7966 52.0811 0 0 0 0 41.5207 0 30.231 27.8457 20.0255 44.6625 3.2435 45.5776 0 0 0 8.3226 43.931 0 0 72.1163 23.0003 31.9418 0 38.5447 0 29.6489 0 30.4461 0 0.8201 34.5622 0 0 34.6384 19.0731 0 0 44.693 19.7722 43.5055 0 0 0 61.6812 46.1112 80.9206 0 0 52.7883 75.6336 69.7301 0 87.7764 0
43.5043 0 0 0 48.9022 0 32.9764 54.5958 44.7635 78.5243 17.8445 0 61.0942 25.7009 31.1502 0 0 21.7706 0 0 0.6134 39.8338 0 55.3977 0 0 52.5138 0 17.6804 52.5873 42.7645 68.7803 0 75.3955 0 0 0 19.4212 0 0 18.7698 18.4541 0 0 16.0762 0 44.9808 6.8573 0 0 46.8042 0 0 34.0793 0 93.1735 0 0 66.3571 0 44.1213 34.0315 0 0 0 62.652 0 0 56.1501 0 60.2564 0 73.0195 25.5997 39.1156 0 95.774 21.4436 0 0 41.2889 0 0 10.0798 61.7444 26.3362 46.2834 83.9889 38.0384 0 0 56.3192 34.4863 0 67.4159 6.6219 0 54.9095 13.3383 26.0819 0
0 0 0 0 50.0628 34.3196 0 0 79.6023 0 3.2057 0 0 0.7353 0 44.3187 0 0 32.2396 0 58.1877 0 17.6517 0 0 0 0 0 8.7728 69.766 0 0 0 0 0 0 40.0237 0 52.0347 0 0 19.4791 0 22.0373 0 0 64.5147 0 26.6779 0 57.7224 0 58.404 0 0 0 14.6314 68.0172 0 30.6064 0 0 6.6509 0 0 64.5994 17.4829 0 0 0 40.5301 43.1114 22.2396 8.178 0 6.696 16.0126 0 87.0015 48.063 0 0 52.7501 46.7883 25.0694 0 0 25.2388 0 49.3094 0 0 6.8948 82.5413 55.1197 0 0 1.7929 28.0004 0 25.0343
0 87.9287 33.8925 3.1475 31.4474 36.9529 11.5213 0 0 0 0 25.4213 0 1.571 69.3095 0 0 1.8261 0 41.4948 0 0 26.2947 0 0 0 0 49.6572 0 71.507 93.7471 0 0 0 0 0 0 0 0 52.5677 0 31.5855 65.7417 0 60.8407 27.286 0 74.1792 2.7468 0 0 15.1145 0 31.0751 56.5798 54.0725 0 57.6551 0 0 0 53.7236 0 43.4511 0 58.4212 0 0 0 21.878 31.0123 47.1039 27.2179 0 44.8956 10.9937 0 53.5724 0 78.4815 0 51.3339 0 66.7666 0 62.7267 0 69.6196 21.7952 0.6861 90.0763 0 68.093 12.2165 0 61.9541 0 37.6078 36.7291 0 30.0381
39.7492 0 0 0 50.8344 0 49.8074 17.3071 77.219 0 92.535 2.7262 0 86.2424 4.9203 0.6117 44.5637 0 0 75.6612 73.985 85.297 61.808 68.4512 10.1171 0 0 0 87.0891 63.7823 0 0 0 0 0 0 94.7889 26.5808 35.4479 78.3974 50.4806 0 0 0 12.555 65.2468 0 0 0 0 23.9494 43.8181 14.4012 0 0 57.9812 0 77.3094 9.6228 3.4969 43.3097 0 0 0 0 0 22.8562 27.6565 38.3529 26.4213 0 22.6618 0 0 2.6881 55.4223 9.4147 98.9454 0 0 0 28.2666 7.9154 0 0 0 0 0 19.0977 19.4902 54.8677 18.2765 0 0 4.3615 0 21.4787 0 32.9063 0 18.6927
64.4311 35.8743 43.568 72.9975 40.5947 0 48.0517 14.6611 0 0 20.4416 0 49.2561 0 0 0 0 0 53.058 0 0 17.6409 58.4352 0 56.3611 0 0 13.3057 0 6.2073 0 0 12.9547 0 0 0 0 14.0454 67.1699 0 70.2186 0 39.5799 9.3481 0 0 23.9277 0 0 0 0 47.7499 49.6136 39.7968 34.5814 42.5472 43.0026 0 0 0 0 0 8.6903 20.6013 0 4.6871 0 0 0 0 35.8732 31.5246 0 67.3145 72.9624 28.564 45.9706 2.23 65.9275 42.5647 0 0 0 0 0 0 75.6464 48.6149 0 56.6032 0 0 0 13.4927 0 0 3.5795 0 18.4894 0 0
0 71.7282 0 65.974 0 80.7054 0 56.8333 0 20.7091 0 0 49.0804 7.9767 0 3.0621 53.3291 0 0 0 41.0456 0 0 34.6416 27.0119 0 0 28.082 0 0 26.6844 48.8111 0 32.8687 74.3087 53.4995 73.8078 0 30.1466 21.2587 0 67.0484 71.1625 58.6563 0 0 44.6453 48.8429 2.9943 43.9981 0 47.0089 20.7502 0 0 14.7791 0 0 0 11.9156 57.131 49.5016 0 0 0 0 0 0 30.9096 54.8474 50.1008 37.8793 0 0 21.1386 11.8221 39.8226 0 0 17.5211 0 0 67.137 43.5607 0 26.6826 26.528 24.4347 0 0 45.5689 8.2535 81.4423 0 0 28.0982 9.9926 60.3972 56.3632 0.7541 0
0 0 0 14.6434 51.2931 0 39.3573 0 0 0 8.5576 82.3446 0 0 31.5727 74.9601 0 65.0818 1.6799 27.2147 0 80.5026 44.2313 11.9528 0 0 36.3153 0 80.7391 0 6.3279 0 0 12.8271 84.3 6.0383 52.0186 0 50.447 20.4728 0 0 4.8982 7.0879 0 0 0 0 0 54.5592 18.6687 13.4005 18.0659 18.3597 32.3138 84.3342 0 29.5351 0 30.9771 60.7534 24.8522 5.3627 0 0 17.8385 0 0 53.3124 0 20.4345 5.378 40.0493 0 42.8094 0 0 31.9381 0 63.3229 29.4445 0 85.0542 30.2206 0 0 0 0 0 0 5.0938 33.7497 53.1946 54.7369 0 12.5195 19.3573 0 32.3072 0 0
0 82.1037 5.9458 0 12.7322 0 22.5234 5.3539 0 45.3546 23.9585 0 4.7113 0 51.4398 0 44.0847 0 0 0 0 0 41.1689 76.3343 0 0 0 8.8903 0 0 12.4449 0 0 0 28.6591 0 0 76.149 0 0 10.4579 0 0 30.2679 0 40.1895 18.9488 0 21.0212 38.2851 35.552 0 37.3771 0 0 50.4992 0 0 13.2235 0 0 0 0 11.2418 48.7426 0 0 18.6673 0 0 74.4645 0 10.3449 20.6757 0 0 5.575 0 18.0787 45.5468 0.673 0 51.6584 0 50.3908 8.3236 41.9385 47.8323 63.548 64.2903 76.7035 0 6.2447 0 20.6084 0 0 0 0 0 18.5083
0 0 46.3196 85.6675 0 52.8138 62.0152 55.3834 72.7101 34.3833 0 0 41.8147 47.2544 40.7733 0 0 53.3551 44.1353 48.3881 0 0 0 0 53.0015 58.0775 57.6693 0 0 13.1071 29.7538 47.4561 32.5186 83.3249 0 0 45.3893 0 0 0 0 0 0 35.1817 52.8136 0 10.6106 0 6.2455 14.9826 0 14.2942 2.1707 0 0 2.9944 0 0 0 0 0 0 78.7936 8.7517 3.7687 0 41.2019 5.1032 20.44 16.972 34.4232 37.3147 26.0928 13.5361 0 0 0 0 0 0 86.8766 0 0 34.565 0 20.4876 43.3475 0 7.2195 0 18.4325 47.9989 73.0546 0 0 0 20.0114 0 38.9662 21.8341 19.8883
0 0 0 58.3652 0 78.7086 8.6213 5.052 31.7553 0 0 60.2818 14.5067 0 23.255 37.5734 55.0229 69.2844 53.574 0 0 16.1426 66.968 0 7.0368 92.8724 0 21.6202 0 1.6471 17.2197 32.9246 0 34.5144 13.5078 0 8.6393 0 4.041 0 0 55.446 69.1909 0 23.5228 0 0 15.341 0 34.8073 35.8715 0 0 0 57.6263 51.8877 0 0 0 0 0 40.9108 11.66 59.4476 1.997 0 29.8198 0 0 31.0828 0 0 84.265 0 0 0 21.2303 47.6704 0 90.2095 0 6.3443 0 56.2453 78.3749 0 0 0 0 60.8126 0 0 0 18.9018 40.303 0 0 51.5557 42.8344 0 40.1171
64.1196 47.7897 45.7631 6.6408 60.67 65.7585 0 0 25.7521 34.9296 43.9722 7.2397 11.6343 16.8938 0 9.7891 0 34.4767 0 6.6571 8.3545 0 0 0 0 52.4074 19.4734 0 0 12.9525 36.8045 0 0 0 5.6234 0 0 0 0 0 0 0 8.2907 71.5764 0 0 0 0 0 0 62.7227 0 0 0 0 0 11.8172 0 3.8747 98.5347 0 0 7.406 62.0351 20.938 0 0 0 0 69.5229 34.0497 0 0 0 64.8362 0 0 0 2.0429 0 53.2295 67.8982 0 6.1012 0 78.9957 56.8071 41.3012 84.2943 0 6.5127 0 0 0 0 66.1485 40.0211 29.1488 48.6589 20.8092 0
36.2189 0 47.0554 47.0433 0 0 0 0 0 0 27.2441 0 15.8417 0 0 31.8503 14.565 0 19.6045 0 0 14.7375 0 36.0123 69.7727 61.8408 95.9823 27.7384 0 0 20.6624 0 0 0 78.8274 10.9267 49.6517 0 0 3.5003 81.813 0 0 0 33.2598 43.4223 0 0 0 58.3619 0 0 73.2996 53.9474 17.7315 30.4791 76.2622 0 83.6749 11.6666 0 0 0 0 0 7.8722 69.9476 0 1.5304 0 50.7752 17.7263 93.8844 71.144 0 0 29.3474 0 0 0 59.7233 0 0 0 5.1673 24.3877 0 0 0 25.9345 34.511 4.0421 0 63.9943 30.576 0 0 26.5 0 0 0
84.1038 38.0201 32.5109 0 26.9572 0 21.6071 0 20.1108 0 51.9965 0 0 0.6424 0 55.4925 34.5429 0 53.5818 21.0298 0 0 42.3341 0 38.6516 0 0 80.5946 0 0 0 0 0 29.697 0 0 0 0 79.3756 69.1615 17.0502 0 0 0 0 14.8088 20.3596 44.1185 0 17.1087 0 96.0704 0 0 7.8246 0 0 0 0 35.716 4.568 46.7647 0 0 0 0 8.5828 0 60.9769 87.1335 0 0 8.3048 71.2865 0 57.3929 0 83.7333 50.9678 0 0 0 0 0.8907 0 0 37.842 0 9.4508 0 29.4628 0 0 25.7532 46.1579 0 0 40.5826 0 0 9.3225
9.719 0 81.8442 20.8754 53.6186 0 16.8896 27.3817 0 0 0 15.9488 67.6365 0 38.9237 0 0 0 0 0 72.2489 29.6849 35.9929 50.8754 80.8586 22.6387 77.6241 28.1833 71.5718 0 0 0 47.7387 0 0 67.8724 0 0 2.8479 13.5121 0 3.4609 3.1735 54.146 0 0 0 48.9365 0 67.1276 0 0 26.0432 0 84.0792 0 86.29 0 30.7042 0 0 39.8012 0 0 0 0 0 14.518 47.1698 25.6325 0 20.0837 65.36 0 0 0 0 0 18.0878 28.6028 9.0786 0 0 0 0 0 78.7163 0 0 0 16.387 6.4587 15.7338 46.4863 51.9755 5.3388 0 0 15.3239 0 66.1409
14.8856 0 0 35.0441 0 15.365 21.0645 98.4371 11.1241 0 57.0379 49.428 0 24.6292 0 0 7.7577 0 0 0 0 9.6963 0 0 0 0 0 0 0 0 41.322 39.5307 77.8195 0 0 32.5971 36.4352 0 0 0 42.2464 20.9806 39.1895 0 0 51.3245 4.5028 0 0 56.2557 22.9035 0 0 0 0 28.378 35.1268 0 0 0 67.5231 0 7.8065 0 7.0745 0 0 0 0 77.4442 0 0 31.8001 0 15.7091 0 0 73.3614 35.8956 67.4152 0 0 0.5843 0 46.9392 66.064 16.2359 47.4716 67.055 0 0 0 0 56.8947 0 0 26.6137 0 0 0 0
0 0 38.1653 84.0571 18.5712 3.1844 0 0 0 33.3975 0 47.9708 0 0 69.3111 60.0303 15.0643 58.74 0 1.9157 67.5114 0 0 0 38.8799 0 30.9584 29.6378 0 0 0 8.6684 0 4.6402 48.3625 40.4208 0 88.3961 0 0 0 6.8391 0 60.9146 0 15.7528 0 0 0 66.2988 29.7138 86.6864 27.4754 94.7967 4.8127 0 56.2188 0 0 31.4588 64.4467 0 0 0 49.6515 38.289 1.2879 0 0 0 0 98.2518 41.9658 0 0 19.9884 0 26.6607 50.2656 0 0 43.5198 0 33.1136 10.54 0 53.0034 41.7685 0 66.3053 0 40.6856 95.2398 0 0 5.4437 0 24.0176 41.5295 21.3611 0
0 0 23.159 0 35.3241 40.0187 34.4029 0 0 58.5929 30.1775 25.3981 0 0 0 0 42.3641 92.8423 47.8966 0 57.4572 12.7155 19.954 32.0294 0 6.6922 34.1946 0 0 0 29.1149 0 57.0252 0 44.4641 0 0 0 0 50.0387 5.5744 45.7746 0 39.4592 65.8244 65.3546 13.1964 0 7.0856 39.2784 0 0 0 0 0 0 69.5131 84.447 0 68.536 0 0 56.0383 55.3087 0 88.3881 42.5092 18.2174 0 0 60.9754 0 0 0 0 0 0 0.9293 47.5274 0 0 5.1378 0 56.3154 32.6696 63.7199 0 0 47.2827 0 0 0 46.2152 48.3932 0.5467 52.1176 7.7418 0 66.1636 85.3402 11.55
0 60.8212 51.2797 54.4998 34.5035 36.8684 0 0 0 50.512 16.054 51.9688 0 34.6508 0 30.1005 63.1306 39.5608 0 49.1567 0 0 0 39.8294 0 72.0678 1.9171 0 29.3969 0 38.0306 50.995 11.5625 0 0 0 33.4035 42.2352 39.7439 0 60.4062 7.5605 0 56.9316 0 3.7337 30.7292 36.1025 0 0 0 30.9854 0 77.4753 0 0 0 0 0 66.0284 50.5155 21.1391 41.7759 35.5774 7.3418 24.5549 58.5136 0 60.1822 40.0463 0 36.2618 0 0 10.456 38.0487 0 0 14.5017 1.7641 0 59.2788 0.8309 0 0 26.0155 0 0 15.1141 0 0 0 0 73.1223 34.914 0 0 34.0748 0 35.5696 1.4323
0 0 0 1.8956 16.3416 0 0 0 0 0 0 61.0846 0 0 0 65.862 14.5651 0 0 0 0 67.3224 0 0 32.1224 40.2162 0 35.6194 10.2542 0 60.3339 50.8934 49.1939 0 0 0 15.3074 0 0 48.2178 21.3958 0 0 65.0101 13.7069 0 41.5084 51.4443 0 47.8495 0 33.1983 13.0855 0.6525 49.0387 0 21.8954 0 0 0 0 54.6449 0 1.4344 0 89.4937 13.4404 22.4655 25.8284 0 56.7868 0 0 31.9386 0 58.7411 0 14.145 0 23.0469 0 0 13.8697 73.3635 0 0 37.9063 18.0731 0 0 4.8713 69.4164 80.3979 31.8283 11.2693 0 81.6739 0 46.1245 38.6346 0
35.902 24.6672 0 0 8.805 68.4499 0 23.9631 0 6.968 36.36 0 67.2352 0 42.9661 0 23.477 0 55.4598 0 37.0693 74.1164 27.066 48.2339 0 45.1365 25.9262 86.9157 0 0 57.482 5.0042 0 1.1849 0 84.4072 63.7238 0 0 24.1637 24.113 0 33.1725 32.6247 33.6782 0 0 0 37.8823 0 0 0 35.9772 0 0 6.4137 55.1577 24.1212 0 0 2.4112 19.4075 6.0353 40.415 55.5598 0 0 4.0407 0 0 0 28.4961 0 0 10.4039 49.9554 2.1678 0 0 0 0 13.3224 0 0 0 0 49.1873 20.8737 0 0 50.1889 0 0 9.1194 75.1238 0 0 36.0148 19.2989 0 0
48.3546 0 0 48.2347 80.8402 79.9908 44.5339 0 34.4092 36.7695 0 11.5702 0 0 10.2874 31.3303 53.9299 0 0 42.4529 0 0 0 0 32.6826 50.2094 13.3563 0 50.5154 19.9474 61.6986 0 5.5989 35.831 0 0 0 0 0 78.2289 76.8666 24.5984 38.2369 0 0 0 36.0255 25.1199 4.0388 0 29.9218 0 21.6046 8.836 0 0 0 0 0 0 0 2.4862 0 0 15.4681 49.3558 22.2351 0 25.968 20.839 0 4.1483 11.816 0 0 0 0 25.83 0 13.4009 0 50.3635 0 0 45.0363 69.4093 49.7498 68.805 0 0 0 59.3987 11.9209 0 2.5997 7.6626 43.3615 59.8988 77.2344 0 0
10.2884 0 0 30.5363 24.7813 11.2276 26.198 22.693 0 24.9757 40.0874 63.3131 0 0 0 0 0 0 0 8.1421 62.9502 0 0 64.0082 0 1.9931 0 77.688 33.5271 0 0 45.1741 1.6485 39.7154 0 17.4987 33.0555 0 0 0 11.0146 0.9493 33.0883 32.0192 16.7801 0 0 24.1016 31.339 0 0 66.8368 29.8054 11.8202 19.249 56.7706 26.2028 0 0 45.8527 34.4639 37.0051 0 0 0 0 0 0 66.3088 26.7908 0 0 0 0 0 62.1195 0 0 22.6087 70.6714 0 1.7275 0 0 30.5886 63.2325 0 0 0 0 56.2042 64.1268 64.3919 0 0 35.2089 27.3607 56.7947 0 5.6637 34.6148
61.1645 0 0 0 0 28.5389 0 0 48.3247 0 0 30.9604 0 40.5512 0 0 4.5229 21.6387 4.7251 0 0 0 0 44.8176 0 0 50.8068 0 65.4735 0 0 0.6446 0 0 0 0 0 40.826 0 0 70.454 0 53.5484 0 0 99.8789 0 0 0 64.2382 0 60.9597 0 30.6226 0 0 0 26.6832 29.1349 21.8479 9.1634 0 0 50.7876 0 0 0 0 56.4851 0 17.0804 0 0 0 0 13.6128 0 0 52.2743 50.2904 7.2161 56.0959 14.1955 74.1719 0 0 78.1393 0 5.5188 38.1283 0 52.8196 0 62.7312 0 50.2209 0 0 0 0 29.1606
0 81.5342 0 36.1383 0 0 38.3896 0 78.5467 22.9212 0 0 0 0 0 0 0 82.5822 0 48.9898 19.0159 0 0 40.6564 0 0 0 0 10.9011 0 24.5003 0 0 0 20.5501 0 66.8623 0 0 30.2792 0 65.6481 40.4751 0 3.7398 7.7852 0 0 0 0 59.2816 0 0 0 0 0 28.3218 60.1257 79.1994 46.7681 0 0 23.4596 44.3835 35.1004 69.645 18.7778 70.6018 58.5265 41.3717 0 45.6611 36.1212 0 0 43.5195 7.3561 29.5175 51.0485 0 0 0 12.908 83.6297 40.9422 0 0 18.6276 0 8.5514 33.4751 0 0 50.311 39.6295 0 0 0 0 68.7436 0
11.882 48.4116 30.0143 25.4446 51.4894 44.2705 0 27.3084 0 23.6282 13.6186 36.3717 20.4514 0 0 9.3196 0 0 75.8556 57.4656 0 30.3964 0 34.149 0 0 86.8942 3.6543 17.7274 0 61.2009 0 0 0 40.0289 0 51.7708 0 0 33.048 42.8706 0 0 0 0 12.3748 60.0477 0 0 0 9.4649 48.652 0 37.1651 31.1246 0 0 37.3091 0 0 78.6155 32.612 0 0 78.0761 0 48.9753 50.3933 0 23.8618 5.5831 0 27.6969 12.6973 0 52.1453 0 0 0 0 65.9168 52.8894 22.0914 0 89.1126 34.9169 26.7625 0 26.3521 0 1.6435 82.7384 8.1074 28.307 27.0033 0 55.9927 0 12.4889 34.0019 7.2298
56.3124 0 0 0 49.7681 0 41.1145 71.4626 0 0 0 22.6222 96.7416 0 59.4354 0 0 0 42.8851 0 22.9784 0 0 21.8945 48.2435 0 16.9983 0 75.0763 53.7163 12.1837 4.3359 0 0 5.3576 4.6005 0 45.0922 14.3736 0 77.7517 4.6969 0 31.378 0 74.0432 53.4453 32.2761 0 0 0 63.871 61.639 0 23.9126 0 12.0187 0.5522 0 0 36.169 55.7386 27.6636 7.4487 22.0363 5.1699 0 0 0 0 0 0 6.5534 0 0 0 0 0 0 0 23.5493 53.6625 0 0 37.3319 6.1265 0 0 0 0 59.9186 0 55.2487 3.6818 62.6693 15.3392 0 46.5456 0 36.5357 0
0 52.1151 0 38.9026 27.842 33.0796 16.882 0 0 0 57.1287 51.6079 47.8939 7.4286 0 52.9017 0 0 22.3731 0 14.079 41.0566 34.4772 0 0 40.4765 0 0 35.2299 0 0 0 56.9225 0 27.0606 0 0 0 0 0 0 34.1602 0 34.1394 56.8528 27.2763 0.8028 0 0 0 0 0 0 0 78.2161 0 31.7945 0 0 25.9326 0 0 0 0 45.2388 0 0 9.6115 0 72.4259 76.4479 0 0 0 0 0 38.7228 29.7337 35.2719 0 72.2198 25.1748 0 0 51.4369 13.7843 0 0 0 20.73 83.6391 34.2474 38.9276 36.5245 44.8883 0 14.1581 0 0 0 0
0 0 0 0 0 44.29 0 63.4941 49.7043 0 0 25.4807 59.9826 0 0 0 53.0152 0 79.5579 18.0232 8.2838 76.0629 23.4305 0 75.9594 51.6796 52.544 4.4073 55.1632 0 0 0 3.4739 0 12.0451 58.2826 38.7244 66.6581 0 24.3085 0 0 12.3619 4.3261 23.5145 0 15.0616 65.9501 4.6173 46.7741 0 4.5102 55.4475 30.0371 57.6044 2.8155 62.0264 0 47.5243 71.2588 8.0453 0 50.3119 29.78 49.4371 0 51.4468 0 0 48.8838 26.9317 48.6857 51.2073 63.1107 98.8655 50.5324 0 83.7636 76.2773 20.5277 51.749 0 40.4706 0 0 61.0476 28.7224 0 0 0 0 13.6831 49.5321 87.0949 49.6455 0.6125 0 7.0056 35.0638 26.8186 39.4972
61.3204 0 0 51.5874 6.6826 0 36.8789 99.9369 42.274 0 66.3666 0 71.4869 0 2.6052 0 67.0135 0 7.3292 57.1939 3.8186 47.9593 0 0 52.0197 61.5374 0.6635 0 87.6394 0 0 27.7208 66.1637 13.0662 11.6093 0 0 0 50.5996 29.2522 0 0 28.2615 0.6463 0 15.2235 0 32.2943 0 17.6557 29.9901 0 72.3089 4.9739 0 23.3279 57.8399 69.6566 0 14.0519 0 0 94.315 0 0 58.4835 40.7318 0 68.5983 0 14.1097 0 0 52.1188 80.9643 70.7541 62.7153 0 0 54.469 22.6616 48.2609 33.4654 0 57.8054 0 0 0 22.3046 0 0 0 0 0 22.9954 4.025 0 54.9454 0 0 67.938
65.6675 0 0 0 41.7053 0 0 33.8781 81.1734 0 0 0 40.446 40.1805 0 0 48.3136 1.9497 0 65.1587 3.6345 62.9607 0 25.3645 0 0 39.7353 0 0 0 0 76.7362 0 37.4271 0 20.9357 0 8.0924 0 14.3784 40.1271 77.5502 0 2.4396 22.0199 0 51.9744 3.8733 0 0 0 0 79.7971 0 0 37.6655 34.6649 0 0 0 0 0 63.5621 12.7809 0 0 0 0 0 0 5.1073 0 0 49.461 25.6473 0 0 0 67.5198 0 0 0 27.193 6.9239 0 17.5158 0 0 49.3334 53.2164 32.1211 0 30.207 0 0 34.7606 33.5213 47.9061 5.3969 0 42.6903
0 0 0 0 0 0 0 57.3894 0 3.6165 30.1493 14.3877 0 0 51.1812 28.1557 75.0696 0 45.6862 82.6009 20.1692 33.4928 68.2894 27.3592 0 63.7441 16.7785 9.2343 52.9646 0 42.0099 70.7182 0 28.4254 0 29.3122 0 7.4255 39.5512 41.2264 0 0 0 0 49.2656 0 54.6046 62.3621 16.0934 11.6639 39.8409 0 92.8082 0 0 6.0934 61.9384 0 0 21.9266 3.0701 0 18.1076 0 0 31.3412 67.0364 40.0142 22.4363 15.7605 88.9492 72.2514 0 0 0 23.1988 0 34.7647 0 0 0 0 0 43.4395 32.2064 1.828 0 0 77.3479 0 84.1334 0 11.6682 32.295 2.4367 0 72.4547 0 10.3858 47.4638 0
0 0 19.6627 28.0921 84.7303 38.2893 24.3848 38.3607 4.9767 26.1226 6.7921 0 0 83.8096 0 0 48.7849 4.7653 0 0.542 50.6112 40.6934 0 18.6934 0 0 0 24.1842 23.7676 66.8419 28.9698 63.7321 0 0 30.4538 37.7705 0 1.601 0 23.6905 80.8854 29.6565 22.5802 0 0 60.4275 61.4238 0 0 45.2213 0 0 0 10.533 53.0646 25.0629 16.9792 1.677 32.7853 41.3611 0 15.6969 43.2595 0 30.9676 45.0713 54.1146 0 0 0 0 5.3162 30.1307 0 0 27.0065 80.6325 0 16.2017 5.3935 0 24.3238 59.7063 72.0854 0 93.6694 31.7081 0 0 0 0 0 62.51 0 22.5053 31.1605 0 69.9553 0 51.0119 85.1059
2.4845 32.614 28.2819 0 0 0 37.9279 8.0206 0.9617 4.8773 32.1505 0.6128 56.6635 9.1645 64.8567 0 27.7709 28.6299 0 0 5.1878 32.2958 2.7437 49.8822 18.0492 26.1834 13.1396 54.5577 36.6395 50.6505 0 0 0 37.5118 57.0352 27.1243 46.4763 0 0 0 3.6467 34.8416 0 0 0 0 56.9065 0 48.2775 10.908 51.6485 7.6378 18.1308 0 0 0 57.6413 69.4115 0 0 0 32.1852 41.0615 13.4917 29.8544 0 0 47.3385 52.4965 0 33.1763 0 73.8646 60.1986 66.2892 20.3398 48.9556 0 41.4471 0 0.7984 13.5259 8.8709 42.2896 44.65 0 0 0 4.0327 0 0 0 20.7431 35.3288 1.0505 30.3449 40.9937 38.0793 26.0674 0 40.9603
0 6.1704 15.5897 25.6273 73.1613 0 39.3783 0 44.7645 0 0 0 68.1075 0 5.1793 58.239 10.6587 0 49.1553 28.1016 0 40.6127 85.4584 0 8.0392 40.0816 0 56.2697 47.276 65.7803 0 33.8276 0 0 26.6597 0 0 0 44.4521 53.6664 26.4751 39.8164 20.5014 79.2793 48.2657 24.5716 0 0 0 0 35.4697 0 49.6272 0 0 0 0 0 27.4476 0 16.4315 0 0 55.1438 3.8615 0 28.8812 6.4675 43.416 12.2828 0 13.9311 64.8807 0 25.5039 0 0 39.0396 0 12.4753 0 0 0 0 3.7635 0 53.6443 53.1084 33.4315 22.4229 23.3607 24.117 0 22.8751 0 0 0 0 31.0301 0 80.9627
64.0051 0 16.7451 0 0 0 57.3274 5.2321 0 9.2526 25.1426 22.9222 0 0 1.7771 0 0 0 25.6551 30.1996 0 59.658 0 0 54.2643 62.8779 14.3266 0 28.4403 0 12.6316 0 42.0658 0 71.5463 0 0 43.928 16.3591 0 42.6432 0 0 93.3507 0 0 0 48.3183 27.5783 0 0 55.7353 0 37.6298 46.2016 0 32.5009 0 0 25.4475 0 20.9362 61.8462 12.4307 0 0 4.339 0 44.0148 0 0 0 62.1666 0 43.7146 0 0 0 44.1818 57.1077 1.3833 0 0 0 18.8457 0 0 0 31.9829 0 32.7984 0 9.9711 0 7.3146 40.2838 0 0 0 0 0
58.4734 22.0922 0 0 53.4057 0 69.2063 58.7432 0 0 46.6785 0 74.9368 0 22.782 0 67.1149 67.0296 0 0 0 72.6689 38.7734 56.8998 0 0 0 0 0 0 86.6015 0 63.2588 0 0 0 19.6574 0 0 75.5517 0 33.6224 38.6791 64.7614 34.2991 40.0178 0 0 0 57.0211 81.7885 0 0 49.9269 0 29.4113 0 0 0 16.6925 7.2574 27.6177 89.2385 0 61.2094 10.2035 45.2833 32.6116 5.4795 67.2423 0 0 0 40.9102 0 0 0 0 31.7195 0 0 66.2719 0 42.0711 8.3151 46.3236 0 0 0 0 0 43.9823 0 0 7.9525 0 15.4478 0 58.8753 3.2447 0
57.8174 0 66.4161 0 0 0 28.6275 0 0 19.3432 0 51.1293 0 0 49.5101 12.0664 54.9429 29.056 0 20.364 0 0 0 0 0 0 68.111 0 0 0 79.4492 66.3116 22.7339 0 0 0 0 0 0 49.7329 79.8924 60.7599 32.4855 0 0 0 79.066 0 0 0 3.3364 0 52.8135 38.062 73.185 70.2658 8.077 0 0 0 63.2109 0 29.5851 8.6584 78.5518 0 39.754 18.801 29.8018 0 54.5769 0 16.7201 0 0 14.3099 0 56.0748 56.2868 0 0 32.6551 0 0 0 6.7996 59.663 0 0 20.4814 0 64.8851 5.1577 64.9761 0 56.2873 0 45.3919 0 28.5535 0
