-1232.1552937261629
1610.282488775663
-3947.5361119627714
982.7658181388817
-979.9002959030769
1422.3939611538237
664.8177052911265
-1105.020378985678
1285.0322748715312
4248.518065893182
542.2494120460165
-505.2294889336442
1639.914084314188
-1133.7364427966972
-834.5306322017511
-1004.4514962372695
-1718.090934380549
2259.587826561598
-1078.509486688921
2484.0928248176824
-1760.816114626558
817.7523122243576
-953.1249966550014
703.3174956073129
1630.1260007759652
-4424.780447204332
-38.99630226529764
-721.2647202275087
2182.349979889568
-373.0819129291719
807.3442605968664
3079.8539568466135
1169.5059871274334
1175.6836494624738
847.1119209949289
-455.50102966424663
-1896.587058178602
-185.818946051401
837.5117084739713
997.1888374898219
1389.8931560375015
-2298.6580881393043
157.1945774135783
1116.435070188533
555.4582254083574
-1823.3334093744957
446.7342139766974
-705.8008061813749
1039.2813561501043
1032.3979395289618
2184.781767051884
1243.507348170948
905.916268726438
-769.3898753346546
-174.34479376629395
-1286.6250306378117
1673.9701564526047
286.170428780169
-3047.3237905792685
88.98838477478832
-3422.401430211458
1971.9261275814083
-3710.5668388914496
-866.0362723145008
1545.0781996973303
-568.8791562941956
1572.4697053937516
17.99331616013004
-3901.4012851392195
188.64811055890524
-424.17614448261156
-790.3925627376547
2256.375330336265
-995.482751618584
-818.3869036716263
1903.775709111769
1812.0151258442297
1558.6862101019778
-1673.918570570824
1143.958967396793
-104.84224820610147
522.778776660517
-1989.0589440739939
-787.8589740032438
-3440.742413091936
-207.98212883956637
-608.9631780364632
-2195.3730762529417
1080.4739067626879
1271.5664815283164
-1027.2630447617619
-819.6098339712872
46.417236373226444
2940.013102102719
-575.083688479093
1692.480182975057
-1981.6640680101616
626.4423202468981
-958.5031242308637
-1287.900902408552
