-206.73252641230465
272.749227141576
-665.1899600020871
167.05975583220558
-170.66673711003835
238.92386314448493
111.70845797256011
-189.7805485389052
216.41764830447121
715.8220954704548
90.59375086874934
-83.61110839816361
275.5394228607886
-189.03314406285426
-143.97182397437152
-168.87144289475307
-288.1639769195468
382.106908030701
-179.01387291157423
417.5829271875597
-296.9818109981089
140.357457663944
-160.28092453995902
119.88900411667855
281.57695759685475
-751.0116478155171
-4.372657048791024
-119.19783974619143
371.3534040276652
-63.522545585530494
136.88325646784898
521.9863484461054
202.05211995325155
199.55073268037967
140.6995655155453
-79.46606607259667
-319.73290241657105
-31.78694796482734
140.27371926723197
169.61859829076772
234.6965247370259
-390.92570109353215
25.553488411532502
188.43891295604467
93.69315085081764
-308.3086298603955
78.41134692417607
-120.31318488878355
173.98436958190393
171.40323041077062
371.87792550731655
207.65936627106208
155.79606479074673
-127.65293168967399
-29.28334829897803
-217.83762021611165
279.8245566074624
50.54032356955688
-516.0538936050878
15.293729586782968
-579.1359939382635
330.33994848365705
-629.1017391923855
-140.83361282983503
262.0691232950623
-96.99704416813466
260.7103625288016
0.5924902468132806
-658.6465151621844
33.735057807844264
-73.27013997812774
-130.05126417321713
382.4043518678977
-167.8777981035346
-138.5203923617212
317.50524809020754
307.44777440774976
261.12909054506457
-284.43966705637223
191.81352177353818
-21.351235271858968
88.72300098765464
-332.8727157109751
-131.05535472959244
-578.3812425133865
-31.604818327202878
-103.885155264706
-372.61004005041957
185.1851366719461
211.55586092050282
-172.62401012379672
-137.77433226304757
10.13261500859236
495.2394413549484
-97.3199267518137
282.50868113966015
-336.5853676418642
106.74355593455407
-163.26066507391027
-218.31610715414268
